# DEBUG Waiting for a keypress.
7f 58 00 00 
7f 58 00 00 
7f 58 00 00 
24 3c 00 00 
00 00 00 00 
c5 0c 00 00 
01 00 00 00 
0d 08 00 00 
01 00 00 00 
59 00 00 00 
00 00 00 00 
00 00 00 00 
ac 01 00 00 
01 00 00 00 
59 00 00 00 
00 00 00 00 
00 00 00 00 
5d 05 00 00 
00 00 00 00 
1e 08 00 00 
01 00 00 00 
59 00 00 00 
00 00 00 00 
00 00 00 00 
80 01 00 00 
00 00 00 00 
4b 0a 00 00 
01 00 00 00 
59 00 00 00 
00 00 00 00 
00 00 00 00 
ca 01 00 00 
00 00 00 00 
87 07 00 00 
01 00 00 00 
59 00 00 00 
00 00 00 00 
00 00 00 00 
08 4b 00 00 
00 00 00 00 
55 0d 00 00 
01 00 00 00 
59 00 00 00 
00 00 00 00 
00 00 00 00 
ca 01 00 00 
00 00 00 00 
ce 07 00 00 
01 00 00 00 
59 00 00 00 
00 00 00 00 
00 00 00 00 
73 09 00 00 
00 00 00 00 
9b 03 00 00 
00 00 00 00 
0a 07 00 00 
00 00 00 00 
59 00 00 00 
00 00 00 00 
00 00 00 00 
79 02 00 00 
00 00 00 00 
59 00 00 00 
00 00 00 00 
00 00 00 00 
2b 14 00 00 
00 00 00 00 
c7 0c 00 00 
00 00 00 00 
59 00 00 00 
00 00 00 00 
00 00 00 00 
9e 05 00 00 
00 00 00 00 
04 0a 00 00 
01 00 00 00 
5a 00 00 00 
00 00 00 00 
01 00 00 00 
1f 1e 00 00 
00 00 00 00 
0a 05 00 00 
00 00 00 00 
59 00 00 00 
00 00 00 00 
00 00 00 00 
94 03 00 00 
00 00 00 00 
1d 0a 00 00 
01 00 00 00 
59 00 00 00 
00 00 00 00 
01 00 00 00 
ae 00 00 00 
00 00 00 00 
82 09 00 00 
00 00 00 00 
59 00 00 00 
00 00 00 00 
00 00 00 00 
ca 01 00 00 
00 00 00 00 
15 08 00 00 
00 00 00 00 
58 00 00 00 
00 00 00 00 
00 00 00 00 
cf 02 00 00 
00 00 00 00 
e8 08 00 00 
00 00 00 00 
70 02 00 00 
01 00 00 00 
59 00 00 00 
00 00 00 00 
00 00 00 00 
cf 05 00 00 
01 00 00 00 
59 00 00 00 
00 00 00 00 
00 00 00 00 
cb 01 00 00 
00 00 00 00 
cd 07 00 00 
00 00 00 00 
5a 00 00 00 
00 00 00 00 
00 00 00 00 
ca 01 00 00 
00 00 00 00 
a2 08 00 00 
00 00 00 00 
59 00 00 00 
00 00 00 00 
00 00 00 00 
c9 01 00 00 
00 00 00 00 
bd 09 00 00 
00 00 00 00 
59 00 00 00 
00 00 00 00 
00 00 00 00 
ca 01 00 00 
00 00 00 00 
6c 06 00 00 
00 00 00 00 
59 00 00 00 
00 00 00 00 
00 00 00 00 
0b 02 00 00 
00 00 00 00 
c8 0c 00 00 
00 00 00 00 
58 00 00 00 
00 00 00 00 
00 00 00 00 
cf 02 00 00 
00 00 00 00 
bd 09 00 00 
00 00 00 00 
59 00 00 00 
00 00 00 00 
00 00 00 00 
ea 07 00 00 
00 00 00 00 
76 09 00 00 
00 00 00 00 
55 03 00 00 
01 00 00 00 
59 00 00 00 
00 00 00 00 
00 00 00 00 
40 05 00 00 
01 00 00 00 
04 03 00 00 
00 00 00 00 
59 00 00 00 
00 00 00 00 
00 00 00 00 
93 03 00 00 
00 00 00 00 
59 00 00 00 
00 00 00 00 
00 00 00 00 
6c 08 00 00 
00 00 00 00 
6d 09 00 00 
00 00 00 00 
df 01 00 00 
00 00 00 00 
59 00 00 00 
00 00 00 00 
00 00 00 00 
bf 04 00 00 
00 00 00 00 
59 00 00 00 
00 00 00 00 
00 00 00 00 
3a 01 00 00 
00 00 00 00 
6a 09 00 00 
00 00 00 00 
96 01 00 00 
00 00 00 00 
5a 00 00 00 
00 00 00 00 
00 00 00 00 
40 05 00 00 
00 00 00 00 
59 00 00 00 
00 00 00 00 
00 00 00 00 
93 03 00 00 
00 00 00 00 
f1 0a 00 00 
00 00 00 00 
59 00 00 00 
00 00 00 00 
00 00 00 00 
ae 00 00 00 
00 00 00 00 
13 07 00 00 
00 00 00 00 
59 00 00 00 
00 00 00 00 
00 00 00 00 
f4 00 00 00 
00 00 00 00 
25 06 00 00 
00 00 00 00 
59 00 00 00 
00 00 00 00 
00 00 00 00 
d4 03 00 00 
00 00 00 00 
9b 07 00 00 
01 00 00 00 
59 00 00 00 
00 00 00 00 
00 00 00 00 
f6 00 00 00 
00 00 00 00 
af 06 00 00 
00 00 00 00 
5f 00 00 00 
00 00 00 00 
59 00 00 00 
00 00 00 00 
00 00 00 00 
46 08 00 00 
01 00 00 00 
59 00 00 00 
00 00 00 00 
00 00 00 00 
8e 02 00 00 
00 00 00 00 
5a 07 00 00 
01 00 00 00 
59 00 00 00 
00 00 00 00 
00 00 00 00 
af 00 00 00 
00 00 00 00 
8f 07 00 00 
00 00 00 00 
6c 02 00 00 
00 00 00 00 
59 00 00 00 
00 00 00 00 
00 00 00 00 
b9 07 00 00 
01 00 00 00 
59 00 00 00 
00 00 00 00 
00 00 00 00 
6d 08 00 00 
00 00 00 00 
f6 0d 00 00 
01 00 00 00 
59 00 00 00 
00 00 00 00 
00 00 00 00 
f6 00 00 00 
00 00 00 00 
65 08 00 00 
00 00 00 00 
59 00 00 00 
00 00 00 00 
00 00 00 00 
10 03 00 00 
00 00 00 00 
a3 08 00 00 
01 00 00 00 
59 00 00 00 
00 00 00 00 
00 00 00 00 
53 03 00 00 
00 00 00 00 
fd 08 00 00 
00 00 00 00 
59 00 00 00 
00 00 00 00 
00 00 00 00 
f5 00 00 00 
00 00 00 00 
1e 08 00 00 
00 00 00 00 
59 00 00 00 
00 00 00 00 
00 00 00 00 
0b 02 00 00 
00 00 00 00 
be 09 00 00 
01 00 00 00 
59 00 00 00 
00 00 00 00 
00 00 00 00 
8f 02 00 00 
00 00 00 00 
2f 09 00 00 
00 00 00 00 
59 00 00 00 
00 00 00 00 
00 00 00 00 
25 4f 00 00 
81 58 00 00 
81 58 00 00 
83 58 00 00 
83 58 00 00 
e3 04 00 00 
00 00 00 00 
c8 0c 00 00 
00 00 00 00 
59 00 00 00 
00 00 00 00 
00 00 00 00 
55 4b 00 00 
82 58 00 00 
82 58 00 00 
84 58 00 00 
